# pb_200_01.out-0
222.75 10.5871384236 203 245 1.3813567495
# pb_200_02.out-0
195.3 6.79043444855 186 208 1.4620254805
# pb_200_03.out-0
234.1 7.07742891169 221 247 1.3052137935
# pb_200_04.out-0
228.35 8.29020506381 213 243 1.4780148951
# pb_200_05.out-0
199.0 7.72657750883 183 213 1.2598658995
# pb_200_06.out-0
207.7 9.1 191 228 1.326513646
# pb_200_07.out-0
208.9 5.33760245803 199 219 1.3306413978
# pb_200_08.out-0
187.1 6.75203672976 172 199 1.3346726035
# pb_200_09.out-0
202.95 7.74257709035 192 217 1.3754582325
# pb_200_10.out-0
185.15 7.1503496418 175 201 1.3381487455
# pb_300_01.out-0
316.8 11.0344913793 290 338 2.00227468835
# pb_300_02.out-0
324.8 9.21737489744 310 341 1.9975087219
# pb_300_03.out-0
337.05 10.4617159204 315 352 2.0086166088
# pb_300_04.out-0
327.9 10.695326082 310 346 1.94272162995
# pb_300_05.out-0
381.4 9.286549413 360 401 1.99963527455
# pb_300_06.out-0
334.1 13.5900699042 312 358 2.0008655011
# pb_300_07.out-0
337.65 13.6281877005 306 360 1.9932734488
# pb_300_08.out-0
323.4 14.1046091757 296 349 1.9516323782
# pb_300_09.out-0
338.5 14.6884308216 306 359 1.94820339205
# pb_300_10.out-0
329.6 12.6862129889 309 356 2.0583719939
# pb_400_01.out-0
426.85 15.0142432377 388 453 2.37266285945
# pb_400_02.out-0
464.1 12.5295650363 443 501 2.4433191899
# pb_400_03.out-0
396.6 12.4072559416 374 419 2.501103293
# pb_400_04.out-0
444.95 15.0913054439 421 470 2.43185497905
# pb_400_05.out-0
420.45 11.4868402966 397 449 2.3454755575
# pb_400_06.out-0
424.95 11.2003348164 405 441 2.27976321465
# pb_400_07.out-0
428.85 12.7799647887 402 457 2.40142931205
# pb_400_08.out-0
435.85 14.6433431975 411 461 2.45319023695
# pb_400_09.out-0
466.65 15.4086826173 435 493 2.5037276095
# pb_400_10.out-0
412.75 12.4894955863 390 432 2.552698682
