# pb_200_01.out-1
225.1 8.34805366538 210 240 1.3926274745
# pb_200_02.out-1
189.2 9.78059302906 169 205 1.3418077885
# pb_200_03.out-1
233.9 6.83300812234 218 249 1.348339779
# pb_200_04.out-1
230.8 6.91809222257 216 245 1.2983655955
# pb_200_05.out-1
194.6 7.63151361134 180 206 1.4927711209
# pb_200_06.out-1
206.9 8.92132277188 187 221 1.3118992435
# pb_200_07.out-1
208.05 8.42303389522 191 223 1.4413452635
# pb_200_08.out-1
187.95 8.12696130174 165 201 1.275322197
# pb_200_09.out-1
207.85 9.80446326935 188 224 1.4644834963
# pb_200_10.out-1
181.8 9.80102035504 162 201 1.39205753715
# pb_300_01.out-1
313.4 10.8046286378 293 340 2.0538417787
# pb_300_02.out-1
322.95 11.1779917695 299 340 1.99864255915
# pb_300_03.out-1
343.8 12.7224211532 315 363 1.9952140081
# pb_300_04.out-1
328.85 13.5250693159 301 347 1.94369701745
# pb_300_05.out-1
379.1 13.1943169584 351 403 1.9927731349
# pb_300_06.out-1
335.4 12.0639960212 316 361 1.93879898795
# pb_300_07.out-1
340.95 15.8665528707 310 368 1.9511531752
# pb_300_08.out-1
320.0 15.6971334963 296 353 2.0002060934
# pb_300_09.out-1
337.2 8.44748483278 323 354 1.95439681885
# pb_300_10.out-1
332.45 15.4287880276 296 357 2.02598004545
# pb_400_01.out-1
422.35 8.86157435222 410 443 2.4818446105
# pb_400_02.out-1
462.1 14.7237902729 430 482 2.4598629555
# pb_400_03.out-1
398.6 12.0764233116 373 423 2.5149430285
# pb_400_04.out-1
437.25 8.68835427454 422 449 2.424087648
# pb_400_05.out-1
423.3 10.9 401 441 2.3396923365
# pb_400_06.out-1
422.8 13.5742403102 384 443 2.4881006745
# pb_400_07.out-1
425.0 10.8212753407 404 447 2.36816250485
# pb_400_08.out-1
439.15 12.8812848738 416 466 2.36355758505
# pb_400_09.out-1
462.6 12.7530388535 441 485 2.3192528429
# pb_400_10.out-1
409.0 11.7345643294 376 425 2.3477632585
