# pb_200_01.out-2
221.05 9.71326412696 199 240 1.3459873615
# pb_200_02.out-2
190.8 5.97159945073 181 202 1.410929316
# pb_200_03.out-2
235.5 7.77495980697 217 246 1.3955559579
# pb_200_04.out-2
224.45 8.35748167811 209 238 1.370360592
# pb_200_05.out-2
195.55 8.08378005638 179 209 1.347753459
# pb_200_06.out-2
207.1 10.353260356 187 224 1.329309756
# pb_200_07.out-2
203.4 8.7544274513 189 220 1.3395819775
# pb_200_08.out-2
181.25 9.1426199746 165 205 1.4396402945
# pb_200_09.out-2
200.05 7.71022048971 187 220 1.3420898235
# pb_200_10.out-2
180.55 7.45972519601 170 194 1.297945494
# pb_300_01.out-2
319.45 10.1610776987 304 338 2.0052997881
# pb_300_02.out-2
323.25 12.5054987905 296 353 2.0039058902
# pb_300_03.out-2
344.8 13.6183699465 323 368 1.9954551227
# pb_300_04.out-2
326.3 12.3737625644 287 348 2.01250132065
# pb_300_05.out-2
389.2 10.8009258862 365 412 1.9989269561
# pb_300_06.out-2
335.45 10.8833588565 314 357 1.9921984045
# pb_300_07.out-2
340.25 10.9994318035 317 367 1.99166378525
# pb_300_08.out-2
316.85 11.9049359511 295 335 1.9460059586
# pb_300_09.out-2
336.4 10.1262036322 318 355 1.99198644655
# pb_300_10.out-2
333.05 10.9566190041 313 351 2.03758231665
# pb_400_01.out-2
424.4 11.1193524991 404 449 2.4698882855
# pb_400_02.out-2
467.45 11.1061919666 445 487 2.36931253305
# pb_400_03.out-2
400.1 12.7 374 421 2.479042649
# pb_400_04.out-2
446.0 14.6047937336 415 470 2.369105502
# pb_400_05.out-2
414.2 16.3358501462 380 448 2.415356404
# pb_400_06.out-2
419.85 12.0261174117 391 445 2.3843987165
# pb_400_07.out-2
425.85 14.0651164233 390 445 2.36702529605
# pb_400_08.out-2
433.1 15.0163244504 399 460 2.39521872075
# pb_400_09.out-2
462.7 12.6257673034 430 478 2.42854965515
# pb_400_10.out-2
412.75 12.6723123383 391 437 2.494954976
