# pb_200_01.out-3
224.75 10.2414598569 206 242 1.3611625385
# pb_200_02.out-3
192.45 8.01545382371 170 207 1.3904294945
# pb_200_03.out-3
239.95 8.87961147799 224 261 1.3659741895
# pb_200_04.out-3
227.45 8.20655226024 214 242 1.3187970945
# pb_200_05.out-3
197.4 9.01886910871 179 218 1.3534671375
# pb_200_06.out-3
210.2 9.27685291465 192 228 1.361348518
# pb_200_07.out-3
203.0 9.82344135219 188 230 1.5422011385
# pb_200_08.out-3
187.25 8.30587141726 175 206 1.314662506
# pb_200_09.out-3
200.75 9.73588722203 185 220 1.2750642635
# pb_200_10.out-3
180.8 7.76916983982 165 196 1.366573395
# pb_300_01.out-3
316.3 12.1494855858 291 336 1.9935932183
# pb_300_02.out-3
328.35 11.7655216629 306 343 1.948844377
# pb_300_03.out-3
340.35 11.4946726791 318 367 1.9408021114
# pb_300_04.out-3
334.2 10.7545339276 315 359 1.99568579365
# pb_300_05.out-3
383.65 12.2689649115 361 411 1.99883221475
# pb_300_06.out-3
336.9 11.0313190508 313 359 1.93996021935
# pb_300_07.out-3
337.9 9.6067684473 320 356 1.9382154283
# pb_300_08.out-3
312.15 12.6659977894 289 337 2.0013466981
# pb_300_09.out-3
338.6 11.9766439373 314 364 1.89655087055
# pb_300_10.out-3
329.0 13.3603892159 301 357 2.03706514115
# pb_400_01.out-3
423.6 14.8472219624 391 460 2.4852296828
# pb_400_02.out-3
462.35 10.5227135284 438 478 2.3670346505
# pb_400_03.out-3
397.15 10.5984668703 373 416 2.423519189
# pb_400_04.out-3
447.3 13.885604056 425 479 2.44322500225
# pb_400_05.out-3
414.0 10.9863551736 395 435 2.3775892845
# pb_400_06.out-3
426.3 13.3757242795 404 455 2.4160533093
# pb_400_07.out-3
427.9 11.1619890701 405 451 2.35901071435
# pb_400_08.out-3
437.2 11.2676528168 418 456 2.4022157645
# pb_400_09.out-3
462.2 7.72398860693 450 475 2.398686643
# pb_400_10.out-3
413.1 12.1156923038 390 440 2.3942518106
