# pb_200_01.out-4
224.5 9.43663075467 202 238 1.4010234025
# pb_200_02.out-4
193.25 8.39568341471 179 206 1.3183025049
# pb_200_03.out-4
231.3 8.05046582503 215 248 1.5705312108
# pb_200_04.out-4
225.35 6.10143425762 213 237 1.3362624105
# pb_200_05.out-4
193.4 8.01498596381 179 208 1.335871008
# pb_200_06.out-4
207.55 9.27617917033 193 225 1.3039792011
# pb_200_07.out-4
205.75 6.47205531497 194 217 1.3214038365
# pb_200_08.out-4
185.9 8.40178552452 164 196 1.411695602
# pb_200_09.out-4
204.1 7.46257328272 187 220 1.3697022235
# pb_200_10.out-4
184.5 8.30963296422 160 200 1.39019881025
# pb_300_01.out-4
314.7 12.6455525779 289 339 1.94223926985
# pb_300_02.out-4
330.45 13.5147142034 301 348 1.9997691361
# pb_300_03.out-4
340.75 9.11523450055 325 356 1.9031110807
# pb_300_04.out-4
331.9 8.15414005276 322 352 1.94537394855
# pb_300_05.out-4
386.2 12.5043992259 362 408 2.0089491889
# pb_300_06.out-4
334.7 12.8611819053 316 357 1.94645656675
# pb_300_07.out-4
335.0 11.3225438838 315 359 2.00071483595
# pb_300_08.out-4
324.75 7.57545378179 311 341 1.99627534955
# pb_300_09.out-4
334.8 8.84646822184 318 350 2.003049761
# pb_300_10.out-4
330.85 9.80446326935 315 352 2.04235632165
# pb_400_01.out-4
421.9 11.8317369815 400 445 2.4407185155
# pb_400_02.out-4
464.15 13.0662733784 441 493 2.3626286044
# pb_400_03.out-4
399.35 11.1097929774 377 433 2.4763011825
# pb_400_04.out-4
441.7 12.9580091063 424 474 2.438194366
# pb_400_05.out-4
416.35 14.1431078621 395 448 2.4451581535
# pb_400_06.out-4
418.65 10.607898001 396 437 2.4542477044
# pb_400_07.out-4
423.95 13.3434440831 399 452 2.4057352241
# pb_400_08.out-4
437.3 10.3252118622 408 461 2.31794145685
# pb_400_09.out-4
467.4 16.3597065988 439 494 2.41164312415
# pb_400_10.out-4
416.1 9.89898984745 397 438 2.4429116695
