40 2.426479000
40 2.432043000
40 2.431347000
40 1.568883000
40 1.575650000
40 2.429771000
40 2.427126000
40 2.431673000
40 1.573339000
40 1.572994000
32 1.575835000
32 1.567468000
32 2.456550000
32 2.426993000
32 1.572745000
32 1.573181000
32 1.567479000
32 2.422213000
32 2.425509000
32 2.427313000
25 1.573589000
25 1.566350000
25 2.430533000
25 2.426598000
25 2.430543000
25 1.566345000
25 1.434054000
25 2.432129000
25 2.430659000
25 1.571875000
20 5.825418000
20 4.163002000
20 4.163835000
20 4.158351000
20 4.167627000
20 5.830305000
20 4.170151000
20 4.172906000
20 4.168648000
20 4.174029000
16 4.54464000
16 4.51063000
16 5.950592000
16 4.50310000
16 4.49659000
16 4.48295000
16 4.54823000
16 4.51974000
16 4.43656000
16 4.59941000
10 5.102974000
10 6.919778000
10 5.102913000
10 5.94593000
10 6.888728000
10 5.97983000
10 5.99500000
10 6.906835000
10 5.96087000
10 5.102670000
8 5.373341000
8 4.642586000
8 4.646797000
8 5.357613000
8 5.352874000
8 5.359609000
8 5.351160000
8 5.361112000
8 5.360705000
8 4.582024000
5 6.204013000
5 6.199532000
5 6.200584000
5 6.203484000
5 6.203705000
5 6.202199000
5 7.795623000
5 6.206235000
5 7.798078000
5 6.195888000
4 9.274518000
4 9.265058000
4 9.275202000
4 9.267402000
4 9.271698000
4 9.267969000
4 9.276691000
4 9.270814000
4 9.262974000
4 9.264762000
2 44.278074000
2 44.279543000
2 44.291049000
2 44.289683000
2 44.334245000
2 43.696808000
2 43.715723000
2 43.752207000
2 43.730462000
2 43.720514000
CPU 52.88113000
